5
-1 0 -1 0 -2
0 1 -4 -1 -4
-1 2 1 -2 1
-1 1 -2 -2 0
1 3 1 -2 -1


3
-10    -0    -9
    
-7    -9    18
   
-13    -6    12

9     9
-5    -6









3 
-10     0    -9
       
   -7    -9    18
      
  -13    -6    12


4
1 1 3 1
0 1 2 0
1 4 3 1
3 1 2 2

5
2   0   3 -2  3
0   2   1  0 -2
1   2   0  2 -2
-2  0  -3  0  3
-3 -3   2  3  2

3
12 -8 2
-1 1 -2
8 -4 -10







3
 0   2   1
  1   2   0
 -2   0  -3



4
1 1 3 1
0 1 2 0
1 4 3 1
3 1 2 2

3
-2.5  3  -6
  0  -2  24
 8   0  14

2
1 -1
2 3

































